0 4.4
1 4.41745240644
2 4.4348994967
3 4.45233595624
4 4.46975647374
5 4.48715574275
6 4.50452846327
7 4.52186934341
8 4.53917310096
9 4.55643446504
10 4.57364817767
11 4.59080899538
12 4.60791169082
13 4.62495105434
14 4.6419218956
15 4.6588190451
16 4.67563735582
17 4.69237170472
18 4.70901699437
19 4.72556815446
20 4.74202014333
21 4.75836794955
22 4.77460659342
23 4.79073112849
24 4.80673664308
25 4.82261826174
26 4.83837114679
27 4.85399049974
28 4.86947156279
29 4.88480962025
30 4.9
31 4.91503807491
32 4.92991926423
33 4.94463903502
34 4.95919290347
35 4.97357643635
36 4.98778525229
37 5.00181502315
38 5.01566147533
39 5.02932039105
40 5.04278760969
41 5.05605902899
42 5.06913060636
43 5.08199836006
44 5.09465837046
45 5.10710678119
46 5.11933980034
47 5.13135370162
48 5.14314482548
49 5.15470958022
50 5.16604444312
51 5.17714596146
52 5.18801075361
53 5.19863551005
54 5.20901699437
55 5.21915204429
56 5.22903757256
57 5.23867056795
58 5.24804809616
59 5.2571673007
60 5.26602540378
61 5.27461970714
62 5.28294759286
63 5.29100652419
64 5.2987940463
65 5.30630778704
66 5.31354545764
67 5.32050485345
68 5.32718385457
69 5.3335804265
70 5.33969262079
71 5.3455185756
72 5.3510565163
73 5.35630475596
74 5.36126169594
75 5.36592582629
76 5.37029572628
77 5.37437006479
78 5.37814760073
79 5.38162718345
80 5.38480775301
81 5.3876883406
82 5.39026806874
83 5.39254615164
84 5.39452189537
85 5.39619469809
86 5.39756405026
87 5.39862953475
88 5.39939082702
89 5.39984769516
90 5.4
91 5.39984769516
92 5.39939082702
93 5.39862953475
94 5.39756405026
95 5.39619469809
96 5.39452189537
97 5.39254615164
98 5.39026806874
99 5.3876883406
100 5.38480775301
101 5.38162718345
102 5.37814760073
103 5.37437006479
104 5.37029572628
105 5.36592582629
106 5.36126169594
107 5.35630475596
108 5.3510565163
109 5.3455185756
110 5.33969262079
111 5.3335804265
112 5.32718385457
113 5.32050485345
114 5.31354545764
115 5.30630778704
116 5.2987940463
117 5.29100652419
118 5.28294759286
119 5.27461970714
120 5.26602540378
121 5.2571673007
122 5.24804809616
123 5.23867056795
124 5.22903757256
125 5.21915204429
126 5.20901699437
127 5.19863551005
128 5.18801075361
129 5.17714596146
130 5.16604444312
131 5.15470958022
132 5.14314482548
133 5.13135370162
134 5.11933980034
135 5.10710678119
136 5.09465837046
137 5.08199836006
138 5.06913060636
139 5.05605902899
140 5.04278760969
141 5.02932039105
142 5.01566147533
143 5.00181502315
144 4.98778525229
145 4.97357643635
146 4.95919290347
147 4.94463903502
148 4.92991926423
149 4.91503807491
150 4.9
151 4.88480962025
152 4.86947156279
153 4.85399049974
154 4.83837114679
155 4.82261826174
156 4.80673664308
157 4.79073112849
158 4.77460659342
159 4.75836794955
160 4.74202014333
161 4.72556815446
162 4.70901699437
163 4.69237170472
164 4.67563735582
165 4.6588190451
166 4.6419218956
167 4.62495105434
168 4.60791169082
169 4.59080899538
170 4.57364817767
171 4.55643446504
172 4.53917310096
173 4.52186934341
174 4.50452846327
175 4.48715574275
176 4.46975647374
177 4.45233595624
178 4.4348994967
179 4.41745240644
180 4.4
181 4.38254759356
182 4.3651005033
183 4.34766404376
184 4.33024352626
185 4.31284425725
186 4.29547153673
187 4.27813065659
188 4.26082689904
189 4.24356553496
190 4.22635182233
191 4.20919100462
192 4.19208830918
193 4.17504894566
194 4.1580781044
195 4.1411809549
196 4.12436264418
197 4.10762829528
198 4.09098300563
199 4.07443184554
200 4.05797985667
201 4.04163205045
202 4.02539340658
203 4.00926887151
204 3.99326335692
205 3.97738173826
206 3.96162885321
207 3.94600950026
208 3.93052843721
209 3.91519037975
210 3.9
211 3.88496192509
212 3.87008073577
213 3.85536096498
214 3.84080709653
215 3.82642356365
216 3.81221474771
217 3.79818497685
218 3.78433852467
219 3.77067960895
220 3.75721239031
221 3.74394097101
222 3.73086939364
223 3.71800163994
224 3.70534162954
225 3.69289321881
226 3.68066019966
227 3.66864629838
228 3.65685517452
229 3.64529041978
230 3.63395555688
231 3.62285403854
232 3.61198924639
233 3.60136448995
234 3.59098300563
235 3.58084795571
236 3.57096242744
237 3.56132943205
238 3.55195190384
239 3.5428326993
240 3.53397459622
241 3.52538029286
242 3.51705240714
243 3.50899347581
244 3.5012059537
245 3.49369221296
246 3.48645454236
247 3.47949514655
248 3.47281614543
249 3.4664195735
250 3.46030737921
251 3.4544814244
252 3.4489434837
253 3.44369524404
254 3.43873830406
255 3.43407417371
256 3.42970427372
257 3.42562993521
258 3.42185239927
259 3.41837281655
260 3.41519224699
261 3.4123116594
262 3.40973193126
263 3.40745384836
264 3.40547810463
265 3.40380530191
266 3.40243594974
267 3.40137046525
268 3.40060917298
269 3.40015230484
270 3.4
271 3.40015230484
272 3.40060917298
273 3.40137046525
274 3.40243594974
275 3.40380530191
276 3.40547810463
277 3.40745384836
278 3.40973193126
279 3.4123116594
280 3.41519224699
281 3.41837281655
282 3.42185239927
283 3.42562993521
284 3.42970427372
285 3.43407417371
286 3.43873830406
287 3.44369524404
288 3.4489434837
289 3.4544814244
290 3.46030737921
291 3.4664195735
292 3.47281614543
293 3.47949514655
294 3.48645454236
295 3.49369221296
296 3.5012059537
297 3.50899347581
298 3.51705240714
299 3.52538029286
300 3.53397459622
301 3.5428326993
302 3.55195190384
303 3.56132943205
304 3.57096242744
305 3.58084795571
306 3.59098300563
307 3.60136448995
308 3.61198924639
309 3.62285403854
310 3.63395555688
311 3.64529041978
312 3.65685517452
313 3.66864629838
314 3.68066019966
315 3.69289321881
316 3.70534162954
317 3.71800163994
318 3.73086939364
319 3.74394097101
320 3.75721239031
321 3.77067960895
322 3.78433852467
323 3.79818497685
324 3.81221474771
325 3.82642356365
326 3.84080709653
327 3.85536096498
328 3.87008073577
329 3.88496192509
330 3.9
331 3.91519037975
332 3.93052843721
333 3.94600950026
334 3.96162885321
335 3.97738173826
336 3.99326335692
337 4.00926887151
338 4.02539340658
339 4.04163205045
340 4.05797985667
341 4.07443184554
342 4.09098300563
343 4.10762829528
344 4.12436264418
345 4.1411809549
346 4.1580781044
347 4.17504894566
348 4.19208830918
349 4.20919100462
350 4.22635182233
351 4.24356553496
352 4.26082689904
353 4.27813065659
354 4.29547153673
355 4.31284425725
356 4.33024352626
357 4.34766404376
358 4.3651005033
359 4.38254759356
360 4.4
361 4.41745240644
362 4.4348994967
363 4.45233595624
364 4.46975647374
365 4.48715574275
366 4.50452846327
367 4.52186934341
368 4.53917310096
369 4.55643446504
370 4.57364817767
371 4.59080899538
372 4.60791169082
373 4.62495105434
374 4.6419218956
375 4.6588190451
376 4.67563735582
377 4.69237170472
378 4.70901699437
379 4.72556815446
380 4.74202014333
381 4.75836794955
382 4.77460659342
383 4.79073112849
384 4.80673664308
385 4.82261826174
386 4.83837114679
387 4.85399049974
388 4.86947156279
389 4.88480962025
390 4.9
391 4.91503807491
392 4.92991926423
393 4.94463903502
394 4.95919290347
395 4.97357643635
396 4.98778525229
397 5.00181502315
398 5.01566147533
399 5.02932039105
400 5.04278760969
401 5.05605902899
402 5.06913060636
403 5.08199836006
404 5.09465837046
405 5.10710678119
406 5.11933980034
407 5.13135370162
408 5.14314482548
409 5.15470958022
410 5.16604444312
411 5.17714596146
412 5.18801075361
413 5.19863551005
414 5.20901699437
415 5.21915204429
416 5.22903757256
417 5.23867056795
418 5.24804809616
419 5.2571673007
420 5.26602540378
421 5.27461970714
422 5.28294759286
423 5.29100652419
424 5.2987940463
425 5.30630778704
426 5.31354545764
427 5.32050485345
428 5.32718385457
429 5.3335804265
430 5.33969262079
431 5.3455185756
432 5.3510565163
433 5.35630475596
434 5.36126169594
435 5.36592582629
436 5.37029572628
437 5.37437006479
438 5.37814760073
439 5.38162718345
440 5.38480775301
441 5.3876883406
442 5.39026806874
443 5.39254615164
444 5.39452189537
445 5.39619469809
446 5.39756405026
447 5.39862953475
448 5.39939082702
449 5.39984769516
450 5.4
451 5.39984769516
452 5.39939082702
453 5.39862953475
454 5.39756405026
455 5.39619469809
456 5.39452189537
457 5.39254615164
458 5.39026806874
459 5.3876883406
460 5.38480775301
461 5.38162718345
462 5.37814760073
463 5.37437006479
464 5.37029572628
465 5.36592582629
466 5.36126169594
467 5.35630475596
468 5.3510565163
469 5.3455185756
470 5.33969262079
471 5.3335804265
472 5.32718385457
473 5.32050485345
474 5.31354545764
475 5.30630778704
476 5.2987940463
477 5.29100652419
478 5.28294759286
479 5.27461970714
480 5.26602540378
481 5.2571673007
482 5.24804809616
483 5.23867056795
484 5.22903757256
485 5.21915204429
486 5.20901699437
487 5.19863551005
488 5.18801075361
489 5.17714596146
490 5.16604444312
491 5.15470958022
492 5.14314482548
493 5.13135370162
494 5.11933980034
495 5.10710678119
496 5.09465837046
497 5.08199836006
498 5.06913060636
499 5.05605902899
500 5.04278760969
501 5.02932039105
502 5.01566147533
503 5.00181502315
504 4.98778525229
505 4.97357643635
506 4.95919290347
507 4.94463903502
508 4.92991926423
509 4.91503807491
510 4.9
511 4.88480962025
512 4.86947156279
513 4.85399049974
514 4.83837114679
515 4.82261826174
516 4.80673664308
517 4.79073112849
518 4.77460659342
519 4.75836794955
520 4.74202014333
521 4.72556815446
522 4.70901699437
523 4.69237170472
524 4.67563735582
525 4.6588190451
526 4.6419218956
527 4.62495105434
528 4.60791169082
529 4.59080899538
530 4.57364817767
531 4.55643446504
532 4.53917310096
533 4.52186934341
534 4.50452846327
535 4.48715574275
536 4.46975647374
537 4.45233595624
538 4.4348994967
539 4.41745240644
540 4.4
541 4.38254759356
542 4.3651005033
543 4.34766404376
544 4.33024352626
545 4.31284425725
546 4.29547153673
547 4.27813065659
548 4.26082689904
549 4.24356553496
550 4.22635182233
551 4.20919100462
552 4.19208830918
553 4.17504894566
554 4.1580781044
555 4.1411809549
556 4.12436264418
557 4.10762829528
558 4.09098300563
559 4.07443184554
560 4.05797985667
561 4.04163205045
562 4.02539340658
563 4.00926887151
564 3.99326335692
565 3.97738173826
566 3.96162885321
567 3.94600950026
568 3.93052843721
569 3.91519037975
570 3.9
571 3.88496192509
572 3.87008073577
573 3.85536096498
574 3.84080709653
575 3.82642356365
576 3.81221474771
577 3.79818497685
578 3.78433852467
579 3.77067960895
580 3.75721239031
581 3.74394097101
582 3.73086939364
583 3.71800163994
584 3.70534162954
585 3.69289321881
586 3.68066019966
587 3.66864629838
588 3.65685517452
589 3.64529041978
590 3.63395555688
591 3.62285403854
592 3.61198924639
593 3.60136448995
594 3.59098300563
595 3.58084795571
596 3.57096242744
597 3.56132943205
598 3.55195190384
599 3.5428326993
600 3.53397459622
601 3.52538029286
602 3.51705240714
603 3.50899347581
604 3.5012059537
605 3.49369221296
606 3.48645454236
607 3.47949514655
608 3.47281614543
609 3.4664195735
610 3.46030737921
611 3.4544814244
612 3.4489434837
613 3.44369524404
614 3.43873830406
615 3.43407417371
616 3.42970427372
617 3.42562993521
618 3.42185239927
619 3.41837281655
620 3.41519224699
621 3.4123116594
622 3.40973193126
623 3.40745384836
624 3.40547810463
625 3.40380530191
626 3.40243594974
627 3.40137046525
628 3.40060917298
629 3.40015230484
630 3.4
631 3.40015230484
632 3.40060917298
633 3.40137046525
634 3.40243594974
635 3.40380530191
636 3.40547810463
637 3.40745384836
638 3.40973193126
639 3.4123116594
640 3.41519224699
641 3.41837281655
642 3.42185239927
643 3.42562993521
644 3.42970427372
645 3.43407417371
646 3.43873830406
647 3.44369524404
648 3.4489434837
649 3.4544814244
650 3.46030737921
651 3.4664195735
652 3.47281614543
653 3.47949514655
654 3.48645454236
655 3.49369221296
656 3.5012059537
657 3.50899347581
658 3.51705240714
659 3.52538029286
660 3.53397459622
661 3.5428326993
662 3.55195190384
663 3.56132943205
664 3.57096242744
665 3.58084795571
666 3.59098300563
667 3.60136448995
668 3.61198924639
669 3.62285403854
670 3.63395555688
671 3.64529041978
672 3.65685517452
673 3.66864629838
674 3.68066019966
675 3.69289321881
676 3.70534162954
677 3.71800163994
678 3.73086939364
679 3.74394097101
680 3.75721239031
681 3.77067960895
682 3.78433852467
683 3.79818497685
684 3.81221474771
685 3.82642356365
686 3.84080709653
687 3.85536096498
688 3.87008073577
689 3.88496192509
690 3.9
691 3.91519037975
692 3.93052843721
693 3.94600950026
694 3.96162885321
695 3.97738173826
696 3.99326335692
697 4.00926887151
698 4.02539340658
699 4.04163205045
700 4.05797985667
701 4.07443184554
702 4.09098300563
703 4.10762829528
704 4.12436264418
705 4.1411809549
706 4.1580781044
707 4.17504894566
708 4.19208830918
709 4.20919100462
710 4.22635182233
711 4.24356553496
712 4.26082689904
713 4.27813065659
714 4.29547153673
715 4.31284425725
716 4.33024352626
717 4.34766404376
718 4.3651005033
719 4.38254759356
720 4.4
721 4.41745240644
722 4.4348994967
723 4.45233595624
724 4.46975647374
725 4.48715574275
726 4.50452846327
727 4.52186934341
728 4.53917310096
729 4.55643446504
730 4.57364817767
731 4.59080899538
732 4.60791169082
733 4.62495105434
734 4.6419218956
735 4.6588190451
736 4.67563735582
737 4.69237170472
738 4.70901699437
739 4.72556815446
740 4.74202014333
741 4.75836794955
742 4.77460659342
743 4.79073112849
744 4.80673664308
745 4.82261826174
746 4.83837114679
747 4.85399049974
748 4.86947156279
749 4.88480962025
750 4.9
751 4.91503807491
752 4.92991926423
753 4.94463903502
754 4.95919290347
755 4.97357643635
756 4.98778525229
757 5.00181502315
758 5.01566147533
759 5.02932039105
760 5.04278760969
761 5.05605902899
762 5.06913060636
763 5.08199836006
764 5.09465837046
765 5.10710678119
766 5.11933980034
767 5.13135370162
768 5.14314482548
769 5.15470958022
770 5.16604444312
771 5.17714596146
772 5.18801075361
773 5.19863551005
774 5.20901699437
775 5.21915204429
776 5.22903757256
777 5.23867056795
778 5.24804809616
779 5.2571673007
780 5.26602540378
781 5.27461970714
782 5.28294759286
783 5.29100652419
784 5.2987940463
785 5.30630778704
786 5.31354545764
787 5.32050485345
788 5.32718385457
789 5.3335804265
790 5.33969262079
791 5.3455185756
792 5.3510565163
793 5.35630475596
794 5.36126169594
795 5.36592582629
796 5.37029572628
797 5.37437006479
798 5.37814760073
799 5.38162718345
800 5.38480775301
801 5.3876883406
802 5.39026806874
803 5.39254615164
804 5.39452189537
805 5.39619469809
806 5.39756405026
807 5.39862953475
808 5.39939082702
809 5.39984769516
810 5.4
811 5.39984769516
812 5.39939082702
813 5.39862953475
814 5.39756405026
815 5.39619469809
816 5.39452189537
817 5.39254615164
818 5.39026806874
819 5.3876883406
820 5.38480775301
821 5.38162718345
822 5.37814760073
823 5.37437006479
824 5.37029572628
825 5.36592582629
826 5.36126169594
827 5.35630475596
828 5.3510565163
829 5.3455185756
830 5.33969262079
831 5.3335804265
832 5.32718385457
833 5.32050485345
834 5.31354545764
835 5.30630778704
836 5.2987940463
837 5.29100652419
838 5.28294759286
839 5.27461970714
840 5.26602540378
841 5.2571673007
842 5.24804809616
843 5.23867056795
844 5.22903757256
845 5.21915204429
846 5.20901699437
847 5.19863551005
848 5.18801075361
849 5.17714596146
850 5.16604444312
851 5.15470958022
852 5.14314482548
853 5.13135370162
854 5.11933980034
855 5.10710678119
856 5.09465837046
857 5.08199836006
858 5.06913060636
859 5.05605902899
860 5.04278760969
861 5.02932039105
862 5.01566147533
863 5.00181502315
864 4.98778525229
865 4.97357643635
866 4.95919290347
867 4.94463903502
868 4.92991926423
869 4.91503807491
870 4.9
871 4.88480962025
872 4.86947156279
873 4.85399049974
874 4.83837114679
875 4.82261826174
876 4.80673664308
877 4.79073112849
878 4.77460659342
879 4.75836794955
880 4.74202014333
881 4.72556815446
882 4.70901699437
883 4.69237170472
884 4.67563735582
885 4.6588190451
886 4.6419218956
887 4.62495105434
888 4.60791169082
889 4.59080899538
890 4.57364817767
891 4.55643446504
892 4.53917310096
893 4.52186934341
894 4.50452846327
895 4.48715574275
896 4.46975647374
897 4.45233595624
898 4.4348994967
899 4.41745240644
900 4.4
901 4.38254759356
902 4.3651005033
903 4.34766404376
904 4.33024352626
905 4.31284425725
906 4.29547153673
907 4.27813065659
908 4.26082689904
909 4.24356553496
910 4.22635182233
911 4.20919100462
912 4.19208830918
913 4.17504894566
914 4.1580781044
915 4.1411809549
916 4.12436264418
917 4.10762829528
918 4.09098300563
919 4.07443184554
920 4.05797985667
921 4.04163205045
922 4.02539340658
923 4.00926887151
924 3.99326335692
925 3.97738173826
926 3.96162885321
927 3.94600950026
928 3.93052843721
929 3.91519037975
930 3.9
931 3.88496192509
932 3.87008073577
933 3.85536096498
934 3.84080709653
935 3.82642356365
936 3.81221474771
937 3.79818497685
938 3.78433852467
939 3.77067960895
940 3.75721239031
941 3.74394097101
942 3.73086939364
943 3.71800163994
944 3.70534162954
945 3.69289321881
946 3.68066019966
947 3.66864629838
948 3.65685517452
949 3.64529041978
950 3.63395555688
951 3.62285403854
952 3.61198924639
953 3.60136448995
954 3.59098300563
955 3.58084795571
956 3.57096242744
957 3.56132943205
958 3.55195190384
959 3.5428326993
960 3.53397459622
961 3.52538029286
962 3.51705240714
963 3.50899347581
964 3.5012059537
965 3.49369221296
966 3.48645454236
967 3.47949514655
968 3.47281614543
969 3.4664195735
970 3.46030737921
971 3.4544814244
972 3.4489434837
973 3.44369524404
974 3.43873830406
975 3.43407417371
976 3.42970427372
977 3.42562993521
978 3.42185239927
979 3.41837281655
980 3.41519224699
981 3.4123116594
982 3.40973193126
983 3.40745384836
984 3.40547810463
985 3.40380530191
986 3.40243594974
987 3.40137046525
988 3.40060917298
989 3.40015230484
990 3.4
991 3.40015230484
992 3.40060917298
993 3.40137046525
994 3.40243594974
995 3.40380530191
996 3.40547810463
997 3.40745384836
998 3.40973193126
999 3.4123116594
1000 3.41519224699
1001 3.41837281655
1002 3.42185239927
1003 3.42562993521
1004 3.42970427372
1005 3.43407417371
1006 3.43873830406
1007 3.44369524404
1008 3.4489434837
1009 3.4544814244
1010 3.46030737921
1011 3.4664195735
1012 3.47281614543
1013 3.47949514655
1014 3.48645454236
1015 3.49369221296
1016 3.5012059537
1017 3.50899347581
1018 3.51705240714
1019 3.52538029286
1020 3.53397459622
1021 3.5428326993
1022 3.55195190384
1023 3.56132943205
1024 3.57096242744
1025 3.58084795571
1026 3.59098300563
1027 3.60136448995
1028 3.61198924639
1029 3.62285403854
1030 3.63395555688
1031 3.64529041978
1032 3.65685517452
1033 3.66864629838
1034 3.68066019966
1035 3.69289321881
1036 3.70534162954
1037 3.71800163994
1038 3.73086939364
1039 3.74394097101
1040 3.75721239031
1041 3.77067960895
1042 3.78433852467
1043 3.79818497685
1044 3.81221474771
1045 3.82642356365
1046 3.84080709653
1047 3.85536096498
1048 3.87008073577
1049 3.88496192509
1050 3.9
1051 3.91519037975
1052 3.93052843721
1053 3.94600950026
1054 3.96162885321
1055 3.97738173826
1056 3.99326335692
1057 4.00926887151
1058 4.02539340658
1059 4.04163205045
1060 4.05797985667
1061 4.07443184554
1062 4.09098300563
1063 4.10762829528
1064 4.12436264418
1065 4.1411809549
1066 4.1580781044
1067 4.17504894566
1068 4.19208830918
1069 4.20919100462
1070 4.22635182233
1071 4.24356553496
1072 4.26082689904
1073 4.27813065659
1074 4.29547153673
1075 4.31284425725
1076 4.33024352626
1077 4.34766404376
1078 4.3651005033
1079 4.38254759356
1080 4.4
1081 4.41745240644
1082 4.4348994967
1083 4.45233595624
1084 4.46975647374
1085 4.48715574275
1086 4.50452846327
1087 4.52186934341
1088 4.53917310096
1089 4.55643446504
1090 4.57364817767
1091 4.59080899538
1092 4.60791169082
1093 4.62495105434
1094 4.6419218956
1095 4.6588190451
1096 4.67563735582
1097 4.69237170472
1098 4.70901699437
1099 4.72556815446
1100 4.74202014333
1101 4.75836794955
1102 4.77460659342
1103 4.79073112849
1104 4.80673664308
1105 4.82261826174
1106 4.83837114679
1107 4.85399049974
1108 4.86947156279
1109 4.88480962025
1110 4.9
1111 4.91503807491
1112 4.92991926423
1113 4.94463903502
1114 4.95919290347
1115 4.97357643635
1116 4.98778525229
1117 5.00181502315
1118 5.01566147533
1119 5.02932039105
1120 5.04278760969
1121 5.05605902899
1122 5.06913060636
1123 5.08199836006
1124 5.09465837046
1125 5.10710678119
1126 5.11933980034
1127 5.13135370162
1128 5.14314482548
1129 5.15470958022
1130 5.16604444312
1131 5.17714596146
1132 5.18801075361
1133 5.19863551005
1134 5.20901699437
1135 5.21915204429
1136 5.22903757256
1137 5.23867056795
1138 5.24804809616
1139 5.2571673007
1140 5.26602540378
1141 5.27461970714
1142 5.28294759286
1143 5.29100652419
1144 5.2987940463
1145 5.30630778704
1146 5.31354545764
1147 5.32050485345
1148 5.32718385457
1149 5.3335804265
1150 5.33969262079
1151 5.3455185756
1152 5.3510565163
1153 5.35630475596
1154 5.36126169594
1155 5.36592582629
1156 5.37029572628
1157 5.37437006479
1158 5.37814760073
1159 5.38162718345
1160 5.38480775301
1161 5.3876883406
1162 5.39026806874
1163 5.39254615164
1164 5.39452189537
1165 5.39619469809
1166 5.39756405026
1167 5.39862953475
1168 5.39939082702
1169 5.39984769516
1170 5.4
1171 5.39984769516
1172 5.39939082702
1173 5.39862953475
1174 5.39756405026
1175 5.39619469809
1176 5.39452189537
1177 5.39254615164
1178 5.39026806874
1179 5.3876883406
1180 5.38480775301
1181 5.38162718345
1182 5.37814760073
1183 5.37437006479
1184 5.37029572628
1185 5.36592582629
1186 5.36126169594
1187 5.35630475596
1188 5.3510565163
1189 5.3455185756
1190 5.33969262079
1191 5.3335804265
1192 5.32718385457
1193 5.32050485345
1194 5.31354545764
1195 5.30630778704
1196 5.2987940463
1197 5.29100652419
1198 5.28294759286
1199 5.27461970714
1200 5.26602540378
1201 5.2571673007
1202 5.24804809616
1203 5.23867056795
1204 5.22903757256
1205 5.21915204429
1206 5.20901699437
1207 5.19863551005
1208 5.18801075361
1209 5.17714596146
1210 5.16604444312
1211 5.15470958022
1212 5.14314482548
1213 5.13135370162
1214 5.11933980034
1215 5.10710678119
1216 5.09465837046
1217 5.08199836006
1218 5.06913060636
1219 5.05605902899
1220 5.04278760969
1221 5.02932039105
1222 5.01566147533
1223 5.00181502315
1224 4.98778525229
1225 4.97357643635
1226 4.95919290347
1227 4.94463903502
1228 4.92991926423
1229 4.91503807491
1230 4.9
1231 4.88480962025
1232 4.86947156279
1233 4.85399049974
1234 4.83837114679
1235 4.82261826174
1236 4.80673664308
1237 4.79073112849
1238 4.77460659342
1239 4.75836794955
1240 4.74202014333
1241 4.72556815446
1242 4.70901699437
1243 4.69237170472
1244 4.67563735582
1245 4.6588190451
1246 4.6419218956
1247 4.62495105434
1248 4.60791169082
1249 4.59080899538
1250 4.57364817767
1251 4.55643446504
1252 4.53917310096
1253 4.52186934341
1254 4.50452846327
1255 4.48715574275
1256 4.46975647374
1257 4.45233595624
1258 4.4348994967
1259 4.41745240644
1260 4.4
1261 4.38254759356
1262 4.3651005033
1263 4.34766404376
1264 4.33024352626
1265 4.31284425725
1266 4.29547153673
1267 4.27813065659
1268 4.26082689904
1269 4.24356553496
1270 4.22635182233
1271 4.20919100462
1272 4.19208830918
1273 4.17504894566
1274 4.1580781044
1275 4.1411809549
1276 4.12436264418
1277 4.10762829528
1278 4.09098300563
1279 4.07443184554
1280 4.05797985667
1281 4.04163205045
1282 4.02539340658
1283 4.00926887151
1284 3.99326335692
1285 3.97738173826
1286 3.96162885321
1287 3.94600950026
1288 3.93052843721
1289 3.91519037975
1290 3.9
1291 3.88496192509
1292 3.87008073577
1293 3.85536096498
1294 3.84080709653
1295 3.82642356365
1296 3.81221474771
1297 3.79818497685
1298 3.78433852467
1299 3.77067960895
1300 3.75721239031
1301 3.74394097101
1302 3.73086939364
1303 3.71800163994
1304 3.70534162954
1305 3.69289321881
1306 3.68066019966
1307 3.66864629838
1308 3.65685517452
1309 3.64529041978
1310 3.63395555688
1311 3.62285403854
1312 3.61198924639
1313 3.60136448995
1314 3.59098300563
1315 3.58084795571
1316 3.57096242744
1317 3.56132943205
1318 3.55195190384
1319 3.5428326993
1320 3.53397459622
1321 3.52538029286
1322 3.51705240714
1323 3.50899347581
1324 3.5012059537
1325 3.49369221296
1326 3.48645454236
1327 3.47949514655
1328 3.47281614543
1329 3.4664195735
1330 3.46030737921
1331 3.4544814244
1332 3.4489434837
1333 3.44369524404
1334 3.43873830406
1335 3.43407417371
1336 3.42970427372
1337 3.42562993521
1338 3.42185239927
1339 3.41837281655
1340 3.41519224699
1341 3.4123116594
1342 3.40973193126
1343 3.40745384836
1344 3.40547810463
1345 3.40380530191
1346 3.40243594974
1347 3.40137046525
1348 3.40060917298
1349 3.40015230484
1350 3.4
1351 3.40015230484
1352 3.40060917298
1353 3.40137046525
1354 3.40243594974
1355 3.40380530191
1356 3.40547810463
1357 3.40745384836
1358 3.40973193126
1359 3.4123116594
1360 3.41519224699
1361 3.41837281655
1362 3.42185239927
1363 3.42562993521
1364 3.42970427372
1365 3.43407417371
1366 3.43873830406
1367 3.44369524404
1368 3.4489434837
1369 3.4544814244
1370 3.46030737921
1371 3.4664195735
1372 3.47281614543
1373 3.47949514655
1374 3.48645454236
1375 3.49369221296
1376 3.5012059537
1377 3.50899347581
1378 3.51705240714
1379 3.52538029286
1380 3.53397459622
1381 3.5428326993
1382 3.55195190384
1383 3.56132943205
1384 3.57096242744
1385 3.58084795571
1386 3.59098300563
1387 3.60136448995
1388 3.61198924639
1389 3.62285403854
1390 3.63395555688
1391 3.64529041978
1392 3.65685517452
1393 3.66864629838
1394 3.68066019966
1395 3.69289321881
1396 3.70534162954
1397 3.71800163994
1398 3.73086939364
1399 3.74394097101
1400 3.75721239031
1401 3.77067960895
1402 3.78433852467
1403 3.79818497685
1404 3.81221474771
1405 3.82642356365
1406 3.84080709653
1407 3.85536096498
1408 3.87008073577
1409 3.88496192509
1410 3.9
1411 3.91519037975
1412 3.93052843721
1413 3.94600950026
1414 3.96162885321
1415 3.97738173826
1416 3.99326335692
1417 4.00926887151
1418 4.02539340658
1419 4.04163205045
1420 4.05797985667
1421 4.07443184554
1422 4.09098300563
1423 4.10762829528
1424 4.12436264418
1425 4.1411809549
1426 4.1580781044
1427 4.17504894566
1428 4.19208830918
1429 4.20919100462
1430 4.22635182233
1431 4.24356553496
1432 4.26082689904
1433 4.27813065659
1434 4.29547153673
1435 4.31284425725
1436 4.33024352626
1437 4.34766404376
1438 4.3651005033
1439 4.38254759356
1440 4.4
1441 4.41745240644
1442 4.4348994967
1443 4.45233595624
1444 4.46975647374
1445 4.48715574275
1446 4.50452846327
1447 4.52186934341
1448 4.53917310096
1449 4.55643446504
1450 4.57364817767
1451 4.59080899538
1452 4.60791169082
1453 4.62495105434
1454 4.6419218956
1455 4.6588190451
1456 4.67563735582
1457 4.69237170472
1458 4.70901699437
1459 4.72556815446
1460 4.74202014333
1461 4.75836794955
1462 4.77460659342
1463 4.79073112849
1464 4.80673664308
1465 4.82261826174
1466 4.83837114679
1467 4.85399049974
1468 4.86947156279
1469 4.88480962025
1470 4.9
1471 4.91503807491
1472 4.92991926423
1473 4.94463903502
1474 4.95919290347
1475 4.97357643635
1476 4.98778525229
1477 5.00181502315
1478 5.01566147533
1479 5.02932039105
1480 5.04278760969
1481 5.05605902899
1482 5.06913060636
1483 5.08199836006
1484 5.09465837046
1485 5.10710678119
1486 5.11933980034
1487 5.13135370162
1488 5.14314482548
1489 5.15470958022
1490 5.16604444312
1491 5.17714596146
1492 5.18801075361
1493 5.19863551005
1494 5.20901699437
1495 5.21915204429
1496 5.22903757256
1497 5.23867056795
1498 5.24804809616
1499 5.2571673007
1500 5.26602540378
1501 5.27461970714
1502 5.28294759286
1503 5.29100652419
1504 5.2987940463
1505 5.30630778704
1506 5.31354545764
1507 5.32050485345
1508 5.32718385457
1509 5.3335804265
1510 5.33969262079
1511 5.3455185756
1512 5.3510565163
1513 5.35630475596
1514 5.36126169594
1515 5.36592582629
1516 5.37029572628
1517 5.37437006479
1518 5.37814760073
1519 5.38162718345
1520 5.38480775301
1521 5.3876883406
1522 5.39026806874
1523 5.39254615164
1524 5.39452189537
1525 5.39619469809
1526 5.39756405026
1527 5.39862953475
1528 5.39939082702
1529 5.39984769516
1530 5.4
1531 5.39984769516
1532 5.39939082702
1533 5.39862953475
1534 5.39756405026
1535 5.39619469809
1536 5.39452189537
1537 5.39254615164
1538 5.39026806874
1539 5.3876883406
1540 5.38480775301
1541 5.38162718345
1542 5.37814760073
1543 5.37437006479
1544 5.37029572628
1545 5.36592582629
1546 5.36126169594
1547 5.35630475596
1548 5.3510565163
1549 5.3455185756
1550 5.33969262079
1551 5.3335804265
1552 5.32718385457
1553 5.32050485345
1554 5.31354545764
1555 5.30630778704
1556 5.2987940463
1557 5.29100652419
1558 5.28294759286
1559 5.27461970714
1560 5.26602540378
1561 5.2571673007
1562 5.24804809616
1563 5.23867056795
1564 5.22903757256
1565 5.21915204429
1566 5.20901699437
1567 5.19863551005
1568 5.18801075361
1569 5.17714596146
1570 5.16604444312
1571 5.15470958022
1572 5.14314482548
1573 5.13135370162
1574 5.11933980034
1575 5.10710678119
1576 5.09465837046
1577 5.08199836006
1578 5.06913060636
1579 5.05605902899
1580 5.04278760969
1581 5.02932039105
1582 5.01566147533
1583 5.00181502315
1584 4.98778525229
1585 4.97357643635
1586 4.95919290347
1587 4.94463903502
1588 4.92991926423
1589 4.91503807491
1590 4.9
1591 4.88480962025
1592 4.86947156279
1593 4.85399049974
1594 4.83837114679
1595 4.82261826174
1596 4.80673664308
1597 4.79073112849
1598 4.77460659342
1599 4.75836794955
1600 4.74202014333
1601 4.72556815446
1602 4.70901699437
1603 4.69237170472
1604 4.67563735582
1605 4.6588190451
1606 4.6419218956
1607 4.62495105434
1608 4.60791169082
1609 4.59080899538
1610 4.57364817767
1611 4.55643446504
1612 4.53917310096
1613 4.52186934341
1614 4.50452846327
1615 4.48715574275
1616 4.46975647374
1617 4.45233595624
1618 4.4348994967
1619 4.41745240644
1620 4.4
1621 4.38254759356
1622 4.3651005033
1623 4.34766404376
1624 4.33024352626
1625 4.31284425725
1626 4.29547153673
1627 4.27813065659
1628 4.26082689904
1629 4.24356553496
1630 4.22635182233
1631 4.20919100462
1632 4.19208830918
1633 4.17504894566
1634 4.1580781044
1635 4.1411809549
1636 4.12436264418
1637 4.10762829528
1638 4.09098300563
1639 4.07443184554
1640 4.05797985667
1641 4.04163205045
1642 4.02539340658
1643 4.00926887151
1644 3.99326335692
1645 3.97738173826
1646 3.96162885321
1647 3.94600950026
1648 3.93052843721
1649 3.91519037975
1650 3.9
1651 3.88496192509
1652 3.87008073577
1653 3.85536096498
1654 3.84080709653
1655 3.82642356365
1656 3.81221474771
1657 3.79818497685
1658 3.78433852467
1659 3.77067960895
1660 3.75721239031
1661 3.74394097101
1662 3.73086939364
1663 3.71800163994
1664 3.70534162954
1665 3.69289321881
1666 3.68066019966
1667 3.66864629838
1668 3.65685517452
1669 3.64529041978
1670 3.63395555688
1671 3.62285403854
1672 3.61198924639
1673 3.60136448995
1674 3.59098300563
1675 3.58084795571
1676 3.57096242744
1677 3.56132943205
1678 3.55195190384
1679 3.5428326993
1680 3.53397459622
1681 3.52538029286
1682 3.51705240714
1683 3.50899347581
1684 3.5012059537
1685 3.49369221296
1686 3.48645454236
1687 3.47949514655
1688 3.47281614543
1689 3.4664195735
1690 3.46030737921
1691 3.4544814244
1692 3.4489434837
1693 3.44369524404
1694 3.43873830406
1695 3.43407417371
1696 3.42970427372
1697 3.42562993521
1698 3.42185239927
1699 3.41837281655
1700 3.41519224699
1701 3.4123116594
1702 3.40973193126
1703 3.40745384836
1704 3.40547810463
1705 3.40380530191
1706 3.40243594974
1707 3.40137046525
1708 3.40060917298
1709 3.40015230484
1710 3.4
1711 3.40015230484
1712 3.40060917298
1713 3.40137046525
1714 3.40243594974
1715 3.40380530191
1716 3.40547810463
1717 3.40745384836
1718 3.40973193126
1719 3.4123116594
1720 3.41519224699
1721 3.41837281655
1722 3.42185239927
1723 3.42562993521
1724 3.42970427372
1725 3.43407417371
1726 3.43873830406
1727 3.44369524404
1728 3.4489434837
1729 3.4544814244
1730 3.46030737921
1731 3.4664195735
1732 3.47281614543
1733 3.47949514655
1734 3.48645454236
1735 3.49369221296
1736 3.5012059537
1737 3.50899347581
1738 3.51705240714
1739 3.52538029286
1740 3.53397459622
1741 3.5428326993
1742 3.55195190384
1743 3.56132943205
1744 3.57096242744
1745 3.58084795571
1746 3.59098300563
1747 3.60136448995
1748 3.61198924639
1749 3.62285403854
1750 3.63395555688
1751 3.64529041978
1752 3.65685517452
1753 3.66864629838
1754 3.68066019966
1755 3.69289321881
1756 3.70534162954
1757 3.71800163994
1758 3.73086939364
1759 3.74394097101
1760 3.75721239031
1761 3.77067960895
1762 3.78433852467
1763 3.79818497685
1764 3.81221474771
1765 3.82642356365
1766 3.84080709653
1767 3.85536096498
1768 3.87008073577
1769 3.88496192509
1770 3.9
1771 3.91519037975
1772 3.93052843721
1773 3.94600950026
1774 3.96162885321
1775 3.97738173826
1776 3.99326335692
1777 4.00926887151
1778 4.02539340658
1779 4.04163205045
1780 4.05797985667
1781 4.07443184554
1782 4.09098300563
1783 4.10762829528
1784 4.12436264418
1785 4.1411809549
1786 4.1580781044
1787 4.17504894566
1788 4.19208830918
1789 4.20919100462
1790 4.22635182233
1791 4.24356553496
1792 4.26082689904
1793 4.27813065659
1794 4.29547153673
1795 4.31284425725
1796 4.33024352626
1797 4.34766404376
1798 4.3651005033
1799 4.38254759356
1800 4.4
1801 4.41745240644
1802 4.4348994967
1803 4.45233595624
1804 4.46975647374
1805 4.48715574275
1806 4.50452846327
1807 4.52186934341
1808 4.53917310096
1809 4.55643446504
1810 4.57364817767
1811 4.59080899538
1812 4.60791169082
1813 4.62495105434
1814 4.6419218956
1815 4.6588190451
1816 4.67563735582
1817 4.69237170472
1818 4.70901699437
1819 4.72556815446
1820 4.74202014333
1821 4.75836794955
1822 4.77460659342
1823 4.79073112849
1824 4.80673664308
1825 4.82261826174
1826 4.83837114679
1827 4.85399049974
1828 4.86947156279
1829 4.88480962025
1830 4.9
1831 4.91503807491
1832 4.92991926423
1833 4.94463903502
1834 4.95919290347
1835 4.97357643635
1836 4.98778525229
1837 5.00181502315
1838 5.01566147533
1839 5.02932039105
1840 5.04278760969
1841 5.05605902899
1842 5.06913060636
1843 5.08199836006
1844 5.09465837046
1845 5.10710678119
1846 5.11933980034
1847 5.13135370162
1848 5.14314482548
1849 5.15470958022
1850 5.16604444312
1851 5.17714596146
1852 5.18801075361
1853 5.19863551005
1854 5.20901699437
1855 5.21915204429
1856 5.22903757256
1857 5.23867056795
1858 5.24804809616
1859 5.2571673007
1860 5.26602540378
1861 5.27461970714
1862 5.28294759286
1863 5.29100652419
1864 5.2987940463
1865 5.30630778704
1866 5.31354545764
1867 5.32050485345
1868 5.32718385457
1869 5.3335804265
1870 5.33969262079
1871 5.3455185756
1872 5.3510565163
1873 5.35630475596
1874 5.36126169594
1875 5.36592582629
1876 5.37029572628
1877 5.37437006479
1878 5.37814760073
1879 5.38162718345
1880 5.38480775301
1881 5.3876883406
1882 5.39026806874
1883 5.39254615164
1884 5.39452189537
1885 5.39619469809
1886 5.39756405026
1887 5.39862953475
1888 5.39939082702
1889 5.39984769516
1890 5.4
1891 5.39984769516
1892 5.39939082702
1893 5.39862953475
1894 5.39756405026
1895 5.39619469809
1896 5.39452189537
1897 5.39254615164
1898 5.39026806874
1899 5.3876883406
1900 5.38480775301
1901 5.38162718345
1902 5.37814760073
1903 5.37437006479
1904 5.37029572628
1905 5.36592582629
1906 5.36126169594
1907 5.35630475596
1908 5.3510565163
1909 5.3455185756
1910 5.33969262079
1911 5.3335804265
1912 5.32718385457
1913 5.32050485345
1914 5.31354545764
1915 5.30630778704
1916 5.2987940463
1917 5.29100652419
1918 5.28294759286
1919 5.27461970714
1920 5.26602540378
1921 5.2571673007
1922 5.24804809616
1923 5.23867056795
1924 5.22903757256
1925 5.21915204429
1926 5.20901699437
1927 5.19863551005
1928 5.18801075361
1929 5.17714596146
1930 5.16604444312
1931 5.15470958022
1932 5.14314482548
1933 5.13135370162
1934 5.11933980034
1935 5.10710678119
1936 5.09465837046
1937 5.08199836006
1938 5.06913060636
1939 5.05605902899
1940 5.04278760969
1941 5.02932039105
1942 5.01566147533
1943 5.00181502315
1944 4.98778525229
1945 4.97357643635
1946 4.95919290347
1947 4.94463903502
1948 4.92991926423
1949 4.91503807491
1950 4.9
1951 4.88480962025
1952 4.86947156279
1953 4.85399049974
1954 4.83837114679
1955 4.82261826174
1956 4.80673664308
1957 4.79073112849
1958 4.77460659342
1959 4.75836794955
1960 4.74202014333
1961 4.72556815446
1962 4.70901699437
1963 4.69237170472
1964 4.67563735582
1965 4.6588190451
1966 4.6419218956
1967 4.62495105434
1968 4.60791169082
1969 4.59080899538
1970 4.57364817767
1971 4.55643446504
1972 4.53917310096
1973 4.52186934341
1974 4.50452846327
1975 4.48715574275
1976 4.46975647374
1977 4.45233595624
1978 4.4348994967
1979 4.41745240644
1980 4.4
1981 4.38254759356
1982 4.3651005033
1983 4.34766404376
1984 4.33024352626
1985 4.31284425725
1986 4.29547153673
1987 4.27813065659
1988 4.26082689904
1989 4.24356553496
1990 4.22635182233
1991 4.20919100462
1992 4.19208830918
1993 4.17504894566
1994 4.1580781044
1995 4.1411809549
1996 4.12436264418
1997 4.10762829528
1998 4.09098300563
1999 4.07443184554
